4789 3852 1613 12485 2503 1235 973 7572 1 
6781 4721 2260 16805 3374 1481 1207 9324 1 
11855 10100 4007 31188 5963 3254 2289 18339 1 
16863 14012 6074 44034 8625 4556 3611 26425 1 
20771 16522 7503 52148 10692 5238 4499 31318 1 
24019 18134 8434 56205 12147 5633 5031 33283 1 
28267 20976 10136 65202 14137 6370 6243 38812 1 
37452 22892 26342 67856 18195 7401 17294 40987 0 
45063 23247 37213 68184 21247 7569 24037 41220 0 
49183 26235 38665 77956 23655 8622 24989 47689 1 
52449 28215 39659 85453 25047 9215 25424 50704 1 
56570 30505 41135 92488 27269 9931 26448 55515 1 
62078 34773 43007 106491 30122 11203 27640 64337 1 
67436 35062 45401 106732 32559 11331 29177 64474 0 
71642 38072 46634 116644 34687 12216 29946 69773 0 
75292 39655 47771 120194 36599 12631 30697 72032 0 
79991 42627 49522 128723 39182 13518 31941 78347 0 
84278 45657 50922 138561 41242 14470 32798 83575 0 
87818 48297 52060 146990 43014 15295 33487 87973 0 
92066 50110 53789 153534 45646 16019 34865 93278 0 
93764 50728 54247 154729 46558 16340 35135 93908 0 
96218 52812 55177 161723 47917 16901 35840 98920 0 
98836 54557 56219 168987 49363 17533 36671 103845 0 
101365 56242 57091 175333 50745 18245 37365 108174 0 
103642 56843 58045 178549 51884 18461 38120 110343 0 
105715 57922 58454 181201 52867 18691 38346 111721 0 
109995 60986 60109 190986 55347 19784 39729 119398 0 
113993 63266 61457 199061 57291 20473 40550 123729 0 
117819 65019 62909 204581 59594 21136 41638 128057 0 
122007 68150 64279 214873 62126 22367 42710 135954 0 
126790 72772 65841 227694 64961 23974 43819 146123 0 
127382 74214 66253 233449 65281 24458 44141 150318 0 
131819 77359 67987 243826 67477 25424 45274 156700 1 
133792 78719 68606 249228 68504 25857 45595 159554 0 
137194 81159 69643 256445 70201 26754 46209 163420 0 
140670 82620 70916 261772 72140 27353 47229 167300 0 
142940 83836 71864 266684 73452 27765 47921 170559 1 
147773 87950 73620 279549 76255 29087 49283 180748 0 
151615 89540 75004 284587 78642 29723 50317 184848 0 
155351 92790 76157 290601 80764 31168 51009 189059 1 
160078 95822 77879 301080 83362 32169 52345 196888 0 
160698 96084 78085 302650 83646 32249 52433 197545 0 
164314 97968 79424 310199 85434 32786 53434 202122 1 
167028 100034 80315 317433 86793 33424 53946 205827 0 
170092 101871 81209 322280 88463 34029 54573 208928 0 
172319 103115 82222 327641 89771 34468 55361 212719 0 
10058 2525 2215 5204 7200 1976 2301 7642 1 
16987 4326 3713 6952 11838 3426 3933 10251 1 
27093 9841 5777 15135 19554 7719 6355 22791 1 
30943 10396 6451 16467 22035 8157 7106 25032 1 
38895 14520 8298 23628 27597 11289 9089 33553 1 
49112 18096 10718 28323 35483 14034 11807 41618 1 
58569 20479 12620 31722 41874 15601 13715 46109 1 
64085 21489 13696 33553 45455 16406 14717 49205 1 
74384 25776 15994 39689 53594 19895 17195 58772 1 
82247 27643 17552 41318 59278 21332 18960 61757 1 
88827 30288 18973 44419 64171 23384 20569 66638 1 
96278 31970 20465 47978 69335 24618 22033 71604 1 
105940 35005 22356 52229 76390 26865 24165 77536 1 
117120 38432 25073 57610 83684 29148 26881 84960 1 
124504 40388 26524 61119 88973 30495 28263 90244 1 
130214 41497 27534 63233 93014 31244 29440 93473 1 
140000 46030 29714 70734 100629 34719 31796 104907 1 
150311 52031 31900 79443 108914 39402 34226 118205 1 
154696 52869 32466 80030 111089 39836 34799 118606 0 
157852 53020 32968 80184 112544 39882 35203 118702 0 
162571 53152 33758 80439 114885 39945 35859 118889 0 
163871 53954 33976 80967 115538 40371 36064 119247 0 
164430 54821 34053 81378 115865 40826 36139 119523 0 
164904 54857 34160 81384 116111 40837 36226 119531 1 
175293 57144 36038 83522 122719 42429 38273 121515 1 
177501 57440 36361 83892 123883 42618 38543 121795 1 
179404 58060 36659 84347 125007 43028 38905 122195 1 
189614 62145 38687 90057 132429 46262 41388 130742 0 
191677 62651 39022 90428 133517 46556 41723 131057 0 
193272 62912 39293 90829 134353 46713 41960 131393 0 
200032 64262 40978 93116 139280 47934 43918 135585 0 
202842 64635 41394 93422 140889 48273 44345 135851 0 
206482 65138 41954 93792 142997 48749 44949 136189 0 
207429 65627 42202 94105 143569 49072 45195 136417 0 
212003 66391 42922 94896 146140 49533 45939 137049 1 
213693 66868 43255 95233 147080 49815 46267 137318 1 
223418 68691 45232 97557 153206 51138 48333 139948 1 
224843 69339 45662 98068 154001 51534 48712 140416 0 
226662 69827 45947 98422 154925 51799 48955 140671 0 
228611 70015 46291 98684 155876 51902 49263 140832 0 
228639 70026 46306 98708 155913 51923 49272 140840 0 
228639 70026 46306 98708 155913 51923 49272 140840 0 
238974 71697 48309 102477 162774 53168 51446 145767 0 
246716 72567 49787 103581 167258 53726 52871 146575 0 
249836 72890 50329 103850 168924 53895 53360 146797 0 
252193 72989 50800 104155 170110 53959 53779 146997 0 
253415 73012 51026 104253 170785 53963 53947 147051 0 
256163 74062 51631 105237 172634 54573 54563 147822 0 
257709 74850 51879 105877 173625 55051 54787 148310 0 
257998 74850 52027 105877 173794 55051 54874 148310 0 
266935 76794 53786 108827 179345 56393 56685 152036 0 
270504 77561 54458 109375 181216 56872 57294 152399 0 
272864 77593 54829 109585 182638 56884 57598 152524 0 
273999 77991 55005 109814 183252 57082 57757 152668 0 
277347 78680 55538 110710 185092 57564 58275 153372 0 
277970 78904 55655 110797 185434 57677 58350 153428 0 
281008 79774 56166 111216 187108 58169 58876 153752 0 
283680 80317 56593 111654 188537 58525 59280 154066 0 
294600 83587 58605 116590 196151 61008 61601 161140 0 
302655 85674 60189 119628 201600 62596 63419 165197 0 
304688 85692 60409 119668 202777 62619 63615 165234 0 
306243 85728 60592 119720 203560 62652 63757 165282 0 
306730 85824 60620 119742 203811 62693 63809 165299 0 
308126 85833 60717 119763 204498 62702 63884 165320 0 
308838 85840 60771 119769 204846 62712 63944 165332 0 
308843 85849 60773 119775 204850 62719 63945 165333 0 
311525 86253 61317 120415 206299 62917 64415 165843 1 
311627 86263 61330 120427 206348 62927 64418 165850 0 
314609 87181 61796 121221 208008 63423 64875 166569 1 
314697 87181 61800 121224 208057 63423 64877 166572 1 
320951 87708 62995 121980 211327 63684 65868 167217 1 
326555 89551 63795 123361 214265 64704 66619 168306 1 
335362 91354 65444 125502 219937 65971 68394 170340 0 
338592 91733 65813 125914 221623 66189 68743 170700 0 
341147 92074 66121 126284 222840 66373 69043 170975 0 
345421 92529 66845 126888 224959 66572 69638 171446 1 
348803 92771 67319 127340 226547 66685 70054 171685 0 
353253 93449 67959 128061 228766 67014 70631 172147 0 
356766 93719 68430 128395 230364 67157 70994 172304 0 
361592 94263 69181 128775 232677 67448 71561 172530 0 
366731 94558 69950 129112 235228 67595 72152 172712 0 
371659 94870 70685 129753 237693 67754 72781 173096 0 
373592 95294 71029 129994 238729 67962 73123 173272 0 
375804 96002 71345 130382 239879 68401 73467 173590 0 
376824 96256 71542 130429 240419 68524 73669 173634 0 
379954 96700 71929 130697 241970 68755 74046 173848 0 
387788 97997 73392 131778 246485 69515 75510 174743 0 
388577 98212 73558 132049 246889 69678 75635 174895 0 
389744 98514 73729 132270 247504 69908 75792 175038 0 
399476 100372 75752 134444 254491 71253 78160 177389 0 
401164 100751 76018 134688 255360 71501 78398 177556 1 
402423 100799 76165 134859 256028 71522 78523 177633 1 
404433 100920 76463 135073 257101 71601 78782 177745 1 
405291 100977 76591 135131 257544 71633 78915 177828 0 
406251 101146 76745 135354 257982 71708 78994 177939 0 
410487 101404 77456 135640 260119 71840 79618 178145 0 
411163 101668 77586 135839 260417 71962 79716 178252 0 
412587 101828 77770 136055 261163 72083 79886 178453 0 
415765 102227 78285 136591 262703 72248 80348 178800 0 
416125 102248 78307 136658 262865 72260 80368 178826 0 
417624 102321 78609 136944 263548 72294 80565 178983 0 
420011 102479 78979 137063 264875 72391 80859 179080 0 
420303 102479 79006 137063 264988 72391 80884 179080 0 
421783 102575 79276 137321 265668 72464 81091 179246 0 
423853 102669 79637 137714 266715 72525 81339 179492 0 
430791 103312 80880 138728 270403 72881 82504 180248 0 
431920 103535 81021 138959 270951 72966 82616 180363 0 
432166 103637 81089 138995 271104 73013 82669 180387 0 
435604 104577 81631 139834 273106 73586 83271 181093 0 
438324 105212 82222 140224 275091 74002 84018 181553 0 
438987 105472 82315 140403 275521 74165 84104 181696 0 
438987 105472 82315 140403 275521 74165 84104 181696 0 
439349 105773 82407 140648 275732 74388 84194 181851 0 
445995 106839 83750 142089 281029 75275 85710 183533 0 
445995 106839 83750 142089 281029 75275 85710 183533 0 
448475 107406 84324 142711 282661 75745 86220 184013 0 
449068 107430 84382 142806 282961 75766 86285 184074 0 
449068 107430 84382 142806 282961 75766 86285 184074 0 
455118 107985 85412 143239 286212 76060 87068 184356 0 
460951 110042 86633 144939 290428 77572 88314 186204 1 
463813 110224 87020 145169 291755 77666 88584 186321 0 
464136 110224 87070 145169 291908 77666 88614 186321 0 
465043 110818 87215 145472 292390 78010 88762 186541 0 
466754 110818 87557 145472 293288 78010 88998 186541 0 
467872 111175 87778 145711 293800 78209 89151 186707 0 
468477 111617 87823 146015 294122 78442 89206 186944 0 
468940 111659 87890 146035 294355 78460 89244 186959 0 
475922 113045 89232 147876 298617 79348 90376 189064 0 
477023 113159 89408 148101 299135 79402 90499 189182 0 
477407 113265 89467 148221 299353 79468 90536 189237 0 
484217 114891 90735 150738 303823 80577 91870 192865 0 
484459 114903 90845 150750 303969 80591 91922 192871 0 
485257 115474 90927 150997 304414 80898 91984 193049 0 
486100 115734 91164 151130 304828 81044 92142 193141 0 
488320 116182 91530 151538 306190 81329 92498 193445 0 
496067 117849 93286 152557 311855 82638 94425 194805 1 
500525 118608 94163 153066 314815 83238 95244 195367 1 
501027 118993 94324 153177 315212 83459 95373 195495 1 
501857 119234 94462 153360 315690 83564 95488 195631 0 
502450 119416 94558 153508 315986 83664 95574 195739 0 
502461 119416 94560 153508 315994 83664 95575 195739 0 
505325 119764 95052 153866 317664 83912 96018 196023 0 
506525 119871 95194 154027 318383 84011 96178 196128 0 
509427 120627 95745 154652 320225 84564 96755 196660 0 
509745 120786 95842 154734 320430 84677 96833 196722 0 
511573 121397 96101 155038 321539 85085 97101 196985 0 
513909 121478 96361 155209 323004 85139 97348 197096 0 
518490 121759 97198 155586 325409 85308 98041 197350 0 
520558 122275 97562 155919 326787 85609 98400 197610 1 
520567 122275 97566 155919 326798 85609 98410 197610 0 
522934 122396 98016 156109 327949 85663 98730 197746 0 
523456 122396 98068 156166 328346 85663 98795 197782 0 
527074 123038 98772 156624 330214 86005 99365 198122 0 
528721 123627 99043 156941 331290 86349 99607 198383 1 
534551 124123 100083 157582 334848 86673 100602 198888 0 
535524 124215 100268 157689 335479 86725 100793 198982 1 
537060 124305 100414 157877 336161 86762 100887 199074 0 
537260 124361 100419 157955 336282 86803 100900 199108 0 
538463 124564 100662 158216 336872 86903 101075 199253 0 
539364 124698 100753 158402 337385 86981 101147 199347 0 
540954 125115 101042 158711 338262 87220 101386 199612 1 
541646 125255 101133 158868 338668 87308 101442 199717 1 
543647 125784 101507 159242 339679 87547 101762 199964 0 
544246 125994 101596 159583 340025 87650 101831 200118 1 
549225 126564 102266 160136 343177 88076 102553 200553 0 
550604 126824 102524 160296 344046 88253 102827 200687 1 
551858 126845 102725 160324 344579 88261 102939 200701 0 
559411 127783 104058 161650 348845 88831 104189 201700 1 
561587 128495 104503 162079 350224 89272 104603 202125 0 
563133 128920 104659 162336 350934 89479 104702 202277 0 
565021 128964 105017 162440 352053 89515 104971 202395 0 
567376 129173 105313 162558 353093 89641 105195 202475 0 
569597 129364 105689 162867 354074 89744 105431 202639 0 
570059 129404 105808 162936 354265 89766 105493 202667 0 
570572 129443 105863 163098 354493 89779 105520 202740 0 
571487 129482 105935 163260 354883 89792 105563 202813 0 
575699 129640 106575 163500 356978 89861 106019 202961 0 
576101 129785 106651 163522 357214 89948 106096 202999 0 
576557 129785 106797 163522 357413 89948 106168 202999 0 
579638 130078 107336 164017 358878 90110 106545 203287 0 
580122 130117 107350 164179 359075 90123 106555 203360 0 
580894 130148 107434 164185 359458 90135 106638 203365 0 
582919 130213 107672 164293 360310 90170 106793 203429 0 
585619 130804 108121 164754 361595 90441 107122 203681 0 
586187 130865 108288 164765 361828 90465 107207 203692 0 
591279 131547 109162 165703 364554 90908 107922 204458 1 
593933 131705 109437 166009 365973 90984 108141 204613 0 
594745 131779 109673 166035 366333 91015 108267 204629 0 
596440 132026 109943 166430 367104 91141 108473 204879 1 
597775 132145 110176 166568 367659 91193 108623 204937 0 
597939 132208 110185 166750 367740 91220 108632 205020 1 
600361 132501 110663 167242 369207 91456 109088 205376 1 
602632 132874 111032 167530 370305 91613 109374 205533 0 
604899 132972 111467 167601 371326 91653 109675 205565 0 
604971 133035 111471 167783 371375 91680 109680 205648 1 
605028 133035 111479 167790 371414 91680 109685 205653 0 
610303 133569 112652 169035 375100 92150 110757 207215 0 
610386 133571 112668 169062 375154 92153 110770 207231 0 
611615 134231 112870 169599 375865 92611 111000 207679 0 
612171 134571 112982 169902 376195 92855 111107 207884 0 
612852 134742 113055 170109 376557 92943 111179 208025 0 
615090 135227 113450 170721 378051 93310 111549 208510 0 
618386 135977 113977 171441 380052 93843 112163 209292 0 
618850 136159 114064 171567 380351 93959 112239 209410 0 
620104 136486 114290 171863 380920 94108 112416 209599 0 
625175 136938 115123 172485 383409 94358 113214 209981 0 
632459 137583 116400 173374 387421 94757 114570 210597 0 
639100 139238 117711 176482 392024 96295 116034 215427 0 
639783 139460 117919 176763 392398 96421 116193 215633 0 
641273 139907 118205 177301 393266 96629 116447 216007 1 
641934 140121 118363 177678 393627 96748 116567 216241 0 
642539 140369 118453 177853 393917 96895 116642 216355 0 
643485 140537 118721 178136 394428 96998 116817 216524 0 
648851 142174 119563 180211 397760 98120 117651 218718 0 
655057 142554 120708 180679 401029 98347 118686 219014 0 
659510 142759 121582 180985 403261 98466 119421 219219 0 
660388 143044 121708 181091 403791 98619 119530 219291 1 
661476 143403 121905 181216 404484 98808 119701 219377 1 
661689 143419 121932 181235 404619 98817 119736 219389 0 
662545 143497 121998 181266 405090 98864 119821 219422 0 
667744 144077 122976 182018 407976 99256 120640 220032 0 
669342 144355 123250 182497 408739 99405 120890 220299 0 
671020 144828 123523 182931 409637 99640 121152 220585 0 
671246 144828 123549 182931 409768 99640 121177 220585 0 
672448 144849 123736 182998 410463 99652 121351 220611 0 
673887 144874 123952 183135 411366 99670 121542 220686 0 
675836 144900 124160 183143 412290 99679 121702 220696 0 
676208 144900 124240 183143 412488 99679 121779 220696 0 
679039 144933 124509 183212 413865 99697 122009 220751 0 
679107 144954 124509 183279 413890 99709 122009 220777 0 
682662 145335 124966 183532 415754 99915 122428 221014 1 
688805 145998 126042 184094 419488 100367 123510 221649 1 
691879 146664 126589 184498 421297 100739 124036 222020 1 
692523 146860 126676 184663 421737 100880 124114 222151 1 
693002 146881 126697 184730 421981 100892 124146 222177 0 
693539 146901 126727 184761 422253 100897 124196 222207 0 
696725 147009 127275 184888 424106 100975 124628 222291 0 
698335 147311 127515 185083 424933 101142 124844 222447 0 
698813 147468 127587 185299 425180 101243 124892 222578 0 
699411 147529 127705 185516 425529 101288 124991 222741 0 
700472 147542 127904 185520 426019 101294 125143 222745 0 
703961 147647 128583 185661 427852 101386 125725 222844 0 
705662 148061 128869 185880 428708 101633 125977 222976 0 
714746 151207 130646 191253 434995 104165 127883 231772 0 
716438 151634 130884 191573 435807 104394 128076 231949 0 
716752 151690 130908 191664 435956 104422 128107 232025 0 
719180 151964 131155 191938 437136 104585 128309 232231 0 
721115 152352 131466 192231 438102 104804 128546 232390 0 
721996 152587 131587 192328 438605 104981 128666 232469 0 
723979 152757 132009 192530 439693 105120 128998 232632 0 
726504 152923 132318 193450 441180 105246 129246 233411 0 
728647 153411 132722 195341 442579 105648 129597 235525 0 
730636 153762 133035 196853 443760 105956 129865 236987 0 
732015 154066 133294 197820 444596 106205 130065 238009 0 
732147 154081 133297 197822 444663 106223 130067 238026 1 
738223 155975 134532 200161 448937 107665 131500 241049 1 
744267 158526 135787 202500 453313 109554 132853 244306 1 
745524 158822 135992 202770 453995 109747 133030 244528 0 
748475 159121 136497 203227 455724 109940 133492 244912 0 
749873 159259 136666 203523 456404 110036 133642 245128 0 
757115 160215 138081 204655 461038 110662 135018 246214 0 
760708 161638 138596 205600 463250 111455 135561 247007 0 
764609 162237 139233 206256 465327 111804 136189 247511 0 
767785 163632 139765 207014 467179 112692 136674 248213 0 
771299 164461 140338 207528 469010 113120 137202 248614 0 
771326 164461 140345 207528 469029 113120 137209 248614 0 
773341 164795 140710 209030 470349 113416 137501 250194 0 
607 120 130 104 275 46 82 84 1 
3357 1286 725 1825 1801 754 598 1736 0 
3576 1301 739 1849 1906 758 606 1748 0 
5062 1551 1100 2389 2642 875 776 2089 0 
5591 1641 1196 2496 2891 918 832 2154 0 
7990 2743 1807 4169 3901 1423 1083 2688 1 
10135 3130 2307 4586 4854 1585 1394 2962 1 
12075 3607 2803 5191 5836 1852 1690 3288 0 
12800 3812 2975 5424 6176 1958 1809 3421 0 
14891 4281 3504 5911 7125 2161 2100 3687 1 
15506 4427 3621 6037 7415 2226 2162 3757 0 
16831 4650 3968 6294 8107 2341 2352 3913 0 
19225 5218 4576 7382 9537 2717 2817 4702 0 
21203 5719 5069 8355 10443 2926 3085 5390 1 
23431 6308 5605 9159 11646 3237 3459 6039 0 
23698 6310 5650 9177 11765 3238 3479 6048 0 
24003 6313 5673 9207 11887 3240 3497 6062 1 
24466 6331 5771 9221 12114 3247 3555 6068 0 
25118 6386 5929 9280 12437 3272 3646 6098 0 
27309 7070 6554 9935 13430 3607 3977 6461 1 
30160 8324 7335 12128 14622 4113 4321 7304 1 
31703 8581 7681 12414 15391 4231 4523 7464 0 
33745 8923 8250 12825 16658 4423 4926 7828 0 
35882 9615 8816 13900 17734 4794 5268 8330 0 
38213 10088 9377 14450 19075 5079 5677 8652 0 
38638 10143 9454 14508 19291 5096 5724 8698 1 
40335 10449 9837 14947 20112 5283 6003 8947 0 
40710 10481 9886 14991 20280 5295 6038 8973 0 
41582 10744 10096 15323 20725 5416 6171 9201 0 
42717 10964 10381 15651 21335 5540 6324 9349 0 
44046 11462 10656 16298 22033 5797 6536 9744 0 
44471 11480 10699 16340 22209 5800 6581 9768 1 
2547 853 543 551 240 96 62 60 0 
4884 1772 913 1244 458 166 94 147 0 
9875 4254 1951 2674 991 409 238 398 0 
17946 6618 3457 4165 1722 650 468 651 1 
26040 9443 5153 6119 2637 964 695 877 0 
29684 11047 5920 7493 3021 1078 777 1052 0 
31960 12117 6256 8126 3263 1185 837 1160 0 
37621 15823 7599 10281 3924 1581 1018 1555 0 
40962 17034 8348 11054 4294 1703 1119 1653 0 
48798 20901 9924 13927 5224 2091 1355 2147 1 
52807 22319 10752 15016 5690 2249 1477 2297 1 
55427 23671 11374 16036 5969 2381 1580 2428 0 
59357 24625 12050 16709 6437 2523 1661 2535 1 
61434 25224 12415 17244 6657 2571 1713 2596 0 
65288 26673 13189 18147 7060 2709 1809 2713 0 
68499 28113 13890 18954 7414 2861 1910 2857 0 
68794 28168 13961 19029 7437 2863 1918 2872 0 
72846 29306 14922 20023 7846 2981 2042 3002 0 
75792 30136 15579 20822 8147 3059 2117 3085 0 
78658 31227 16127 21443 8454 3158 2219 3158 0 
85176 34124 17332 23408 9052 3431 2408 3357 0 
91427 36393 18391 25147 9638 3686 2536 3567 0 
91956 36913 18586 25409 9688 3729 2556 3596 0 
95566 37890 19618 26023 10077 3842 2678 3663 0 
96190 38537 19735 26253 10134 3890 2689 3688 0 
98998 39228 20114 26711 10411 3941 2735 3727 0 
100878 40308 20402 27453 10571 4025 2763 3792 0 
105222 41533 21339 28269 11026 4175 2906 3922 1 
107591 42701 21868 28915 11267 4288 2963 3977 0 
107829 42794 21916 28972 11300 4292 2976 3982 0 
121158 47675 24952 32831 12666 4724 3319 4627 1 
127265 50473 26553 34788 13341 4996 3520 5008 1 
128888 50835 26778 35015 13559 5034 3558 5074 1 
134340 52104 27939 36151 14207 5162 3747 5334 1 
134857 52467 28113 36319 14267 5212 3778 5392 1 
137701 53368 28568 36950 14595 5307 3853 5530 1 
144310 57396 29785 39401 15285 5722 3979 5984 1 
146040 58464 30043 39900 15438 5795 4006 6019 0 
146192 58464 30055 39900 15453 5795 4006 6019 0 
147689 58913 30354 40209 15614 5823 4051 6062 1 
149182 59735 30606 40859 15764 5881 4088 6153 0 
149407 59816 30642 40912 15777 5897 4088 6157 0 
152024 60906 31231 41612 16039 6007 4142 6210 0 
153665 61830 31545 42058 16207 6112 4185 6282 0 
153763 61830 31546 42058 16217 6112 4185 6282 0 
154557 61884 31638 42119 16316 6116 4197 6291 0 
157169 63115 32031 42737 16547 6215 4229 6331 0 
158746 63550 32389 43011 16701 6253 4267 6367 0 
159586 63810 32547 43099 16771 6275 4287 6376 0 
159993 64103 32601 43254 16810 6305 4296 6391 0 
167571 67578 33982 45490 17552 6638 4435 6658 0 
170251 68673 34588 46203 17835 6717 4511 6726 0 
173730 69272 35142 46775 18161 6763 4576 6768 0 
175206 69603 35519 47359 18302 6790 4610 6827 0 
175387 69646 35564 47389 18318 6793 4618 6834 0 
175674 69979 35633 47565 18346 6822 4630 6862 0 
179675 71614 36358 48786 18715 6942 4705 6996 0 
180205 71676 36440 48809 18771 6944 4710 6997 0 
180297 71690 36458 48830 18775 6944 4711 6999 0 
183151 72534 36816 49253 19047 7012 4742 7024 0 
183204 72534 36845 49253 19051 7012 4748 7024 0 
187616 73518 37940 50026 19518 7108 4876 7112 0 
188855 74130 38165 50243 19628 7162 4897 7134 0 
191119 74686 38524 50626 19840 7213 4957 7183 0 
191119 74686 38524 50626 19840 7213 4957 7183 0 
192299 75130 38804 51049 19962 7253 4972 7218 0 
194821 76542 39139 51863 20235 7387 5007 7293 0 
196060 76775 39332 51985 20374 7408 5025 7310 0 
196322 76782 39373 51995 20391 7408 5027 7310 0 
196322 76782 39373 51995 20391 7408 5027 7310 0 
199501 77485 39884 52504 20678 7445 5067 7349 0 
200183 77707 39947 52598 20757 7471 5076 7369 0 
200845 77978 40080 52666 20816 7503 5093 7380 0 
200852 77978 40091 52666 20819 7503 5096 7380 0 
202270 78372 40265 52875 20986 7538 5120 7403 0 
202825 78554 40395 53086 21032 7548 5131 7421 0 
203618 78974 40545 53216 21092 7583 5144 7430 0 
207959 82181 41328 54991 21506 7839 5232 7602 0 
208033 82300 41345 55008 21509 7848 5232 7603 0 
208220 82300 41370 55008 21531 7848 5232 7603 0 
210805 83233 41727 55370 21781 7924 5268 7647 0 
215267 84314 42791 56240 22226 8022 5436 7780 0 
216643 84806 42964 56665 22352 8037 5455 7805 0 
217234 84825 43070 56675 22413 8039 5464 7805 0 
220483 86294 43772 57583 22706 8189 5526 7882 0 
221184 86393 43876 57618 22777 8197 5541 7890 0 
221225 86393 43877 57618 22783 8197 5541 7890 0 
222163 86422 44027 57627 22864 8202 5562 7890 0 
224263 86880 44271 57992 23117 8240 5592 7941 0 
224361 86880 44283 57992 23121 8240 5592 7941 0 
226557 87086 44701 58122 23343 8256 5625 7952 0 
229551 87855 45306 58884 23628 8317 5702 8080 0 
